Coleção :

LireSomente-LireTodos - Full

Atq 140 - 300 - 990
Def 0 - 90 - 430
Vit 100 - 100 - 610
AtqEsp 0 - 140 - 770
DefEsp 0 - 60 - 360
ActCrí 4% - 9% - 20%
ResDan 0 - 10% - 30%
DanCrí 0 - 15% - 47,50%
AtqCos 0 - 7.50% - 30%

Julho :
10 = 2 2 3
11 = 2 2 3
12 = 2 2 3
13 = 2 2 3
14 = 2 2 3
15 = 2 2 3 > 1 item criado 
16 = 2 2 3
17 = 2 2 3
18 = 2 2 3
19 = 2 2 3
20 = 2 2 3
21 = 2 2 3 > 2 itens 
22 = 2 2 3
23 = 2 2 3
24 = 2 2 3
25 = 2 2 3
26 = 2 2 3
27 = 2 2 3 > 3 itens
28 = 2 2 3
29 = 2 2 3
30 = 2 2 3
31 = 2 2 3
Agosto :
01 = 2 2 3
02 = 2 2 3 > 4 itens 
03 = 2 2 3
04 = 2 2 3
05 = 2 2 3
06 = 2 2 3
07 = 2 2 3
08 = 2 2 3 > 5 itens 
09 = 2 2 3
10 = 2 2 3
11 = 2 2 3
12 = 2 2 3
13 = 2 2 3
14 = 2 2 3 > 6 itens
15 = 2 2 3 
16 = 2 2 3
17 = 2 2 3
18 = 2 2 3
19 = 2 2 3
20 = 2 2 3 > 7 itens
21 = 2 2 3 
22 = 2 2 3
23 = 2 2 3
24 = 2 2 3
25 = 2 2 3
26 = 2 2 3 > 8 itens
27 = 2 2 3
28 = 2 2 3
29 = 2 2 3
30 = 2 2 3
31 = 2 2 3
Setembro :
01 = 2 2 3 > 9 itens
02 = 2 2 3 
03 = 2 2 3
04 = 2 2 3
05 = 2 2 3
06 = 2 2 3
07 = 2 2 3 > 10 itens
08 = 2 2 3 
09 = 2 2 3 
10 = 2 2 3 
11 = 2 2 3
12 = 2 2 3
13 = 2 2 3 > 11 itens
14 = 2 2 3
15 = 2 2 3 
16 = 2 2 3
17 = 2 2 3
18 = 2 2 3
19 = 2 2 3 > 12 itens
20 = 2 2 3
21 = 2 2 3 
22 = 2 2 3
23 = 2 2 3
24 = 2 2 3
25 = 2 2 3
26 = 2 2 3
27 = 2 2 3
28 = 2 2 3
29 = 2 2 3
30 = 2 2 3